loc12:
  odom_x_joint: 0.5
  odom_y_joint: 0.047368407249450684
  odom_z_joint: -0.19473683834075928
  ur5_shoulder_pan_joint: 2.5794129371643066
  ur5_shoulder_lift_joint: -2.5132739543914795
  ur5_elbow_joint: -1.5542616844177246
  ur5_wrist_1_joint: 0.6613874435424805
  ur5_wrist_2_joint: -5.489520072937012
  ur5_wrist_3_joint: -1.5770983695983887
  gripper_joint: 0.006500000134110451
  gripper_base_gripper_left_joint: -0.0027000010013580322
loc12:
  odom_x_joint: 0.10000002384185791
  odom_y_joint: 0.12631577253341675
  odom_z_joint: -0.49473685026168823
  ur5_shoulder_pan_joint: 2.5794129371643066
  ur5_shoulder_lift_joint: -2.5132739543914795
  ur5_elbow_joint: -1.5542616844177246
  ur5_wrist_1_joint: 0.6613874435424805
  ur5_wrist_2_joint: -5.489520072937012
  ur5_wrist_3_joint: -1.5770983695983887
  gripper_joint: 0.006500000134110451
  gripper_base_gripper_left_joint: -0.0027000010013580322
